1
202
57
124
413
27
155
176
32
637
39
77
28
18
88
70
61
84
214
306
27
668
581
28
338
37
10
28
210
28
42
41
128
62
48
55
45
77
43
109
100
18
396
35
591
45
29
45
96
19
21
25
1
11
180
126
1
227
4670
901
51
132
266
155
112
96
510
1089
134
30
160
252
38
290
135
235
38
1046
1153
109
37
608
75
102
76
93
96
266
8
17
24
8
72
200
520
375
165
13
44
1038
33
969
119
236
214
842
231
157
19
16
22
15
10
9
10
10
23
46
98
69
34
18
144
72
5
7
5
61
71
917
8
95
7
3
5
121
30
85
5
233
7
465
346
61
12
7
7
8
3
9
7
176
5
47
73
59
173
192
369
42
24
367
7
145
58
62
6
19
24
16
5
53
219
25
160
218
150
60
3
72
44
27
45
59
1763
940
376
369
971
457
799
119
450
284
73
21
812
81
233
3
3
219
176
15
164
3
103
217
235
3
78
11
9
14
9
6
116
109
109
109
110
109
111
111
165
117
88
89
96
174
99
92
92
92
92
92
105
99
99
99
99
99
111
3
104
98
3
111
99
227
128
121
121
121
121
80
233
181
29
63
44
39
192
78
851
19
1126
14
33
63
61
34
43
5
216
153
10
112
340
5
14
87
5
126
19
129
147
31
11
6
5
7
279
154
90
95
7
71
22
399
14
10
30
19
191
78
33
135
63
10
180
3
274
13
176
3
13
10
10
166
245
163
78
277
19
70
93
48
338
136
37
30
80
55
41
17
217
15
50
17
42
43
72
371
5
127
63
520
10
10
197
111
42
603
182
34
91
50
37
248
40
49
79
9
102
7
14
29
162
130
71
471
45
93
165
60
109
11
36
33
53
26
32
117
50
16
32
12
20
10
28
8
39
11
11
329
43
29
8
11
7
94
16
14
29
66
77
13
22
7
6
10
12
3
25
4
6
22
61
10
242
50
27
63
69
33
51
19
20
20
17
17
19
21
29
29
38
16
20
23
3
17
10
184
175
119
39
227
86
108
34
128
223
22
20
20
265
96
105
52
206
278
220
236
69
21
114
83
192
30
84
54
777
21
89
18
31
39
32
32
32
32
32
184
55
53
78
113
32
32
32
33
263
80
37
19
92
121
111
53
97
26
353
19
211
42
19
17
205
17
17
463
123
263
34
59
91
43
154
166
214
807
415
36
563
25
16
19
165
89
27
34
34
167
119
196
109
28
1426
116
172
166
31
11
82
29
361
64
47
88
112
34
18
90
48
42
252
855
64
17
13
22
22
14
5
9
5
11
12
19
84
7
23
25
54
63
60
6
28
14
24
83
550
765
181
283
21
161
292
125
109
33
70
550
285
424
132
50
133
29
468
138
153
294
158
346
516
51
132
29
222
133
161
153
153
163
163
163
11
163
295
346
539
51
132
183
222
133
161
46
32
101
50
69
30
16
50
70
235
122
70
43
33
65
12
27
52
15
28
76
53
165
29
31
28
28
40
16
61
43
46
60
145
158
67
51
125
30
33
8
21
63
31
666
25
36
90
156
705
59
37
46
307
172
351
478
155
18
37
28
50
22
41
135
29
99
233
127
294
1529
42
111
229
38
255
2172
1506
40
74
79
334
188
39
22
23
25
28
51
22
20
121
40
112
216
635
116
104
19
31
96
96
96
96
77
96
18
46
194
39
40
319
192
340
28
26
45
21
19
61
33
335
53
629
81
38
217
618
288
16
38
19
31
37
38
46
45
184
140
33
37
18
69
162
86
53
134
300
302
256
21
60
62
3432
93
238
245
544
312
238
77
24
63
64
19
250
349
150
50
66
1408
394
489
397
278
175
392
355
396
547
566
547
64
282
336
150
1075
347
429
161
175
206
87
34
426
76
69
72
22
25
182
35
1012
98
91
140
67
167
489
74
43
59
72
55
79
63
286
231
136
70
182
27
424
121
90
129
85
18
259
32
33
216
234
70
189
469
622
140
34
234
139
221
289
152
235
64
151
38
386
181
25
41
425
81
390
196
251
35
1143
175
116
115
115
115
115
236
70
91
89
162
244
265
100
95
29
38
58
69
123
14
62
36
36
61
62
53
39
180
52
38
48
411
169
39
74
205
53
52
147
323
105
226
18
154
12
668
310
242
38
199
119
39
111
103
48
49
36
23
32
30
20
13
32
26
283
848
108
67
160
367
30
2241
131
944
54
90
69
158
1105
93
409
113
1022
173
3983
99
32
230
30
76
54
24
34
7
15
24
136
1
1
118
13
13
19
50
473
33
70
8
116
466
70
134
48
112
417
52
148
418
65
158
96
27
63
4
70
180
203
73
197
237
21
331
893
16
65
3920
4
15
113
151
56
99
137
65
46
50
112
73
129
48
868
1408
1
163
10
6
1
176
44
54
146
219
57
158
57
12
99
46
77
306
179
56
97
31
50
49
49
35
143
44
103
90
121
279
144
48
177
221
133
12
207
30
16
152
60
54
169
57
36
76
121
99
66
329
102
59
28
36
64
61
564
115
39
989
118
174
64
275
149
544
79
47
49
45
1099
92
1161
395
61
67
72
538
104
243
523
64
82
128
38
176
133
58
54
144
30
48
224
47
1041
711
426
25
161
286
68
274
695
31
174
52
403
237
62
6
91
199
154
752
100
41
94
104
34
7
126
66
24
30
80
71
50
40
15
44
110
284
212
91
20
121
109
157
156
93
46
19
144
73
129
90
156
41
369
57
475
180
560
335
147
62
53
364
26
203
51
892
97
122
123
88
69
117
67
61
1139
125
66
52
120
37
41
144
52
36
92
74
70
79
145
106
130
193
96
98
52
104
1851
92
54
61
421
41
83
280
86
334
68
39
163
217
71
287
67
73
420
555
1041
105
127
212
182
46
166
60
115
167
41
106
64
67
63
28
41
89
97
100
14
65
44
69
107
73
205
138
107
33
1463
35
71
68
168
43
95
103
130
94
136
129
87
142
339
100
110
82
70
40
68
53
27
30
11
35
273
38
74
37
38
40
45
56
49
28
395
117
49
195
84
53
705
189
174
207
7
212
24
10
154
74
112
37
106
68
173
31
67
7
129
120
205
81
139
49
64
330
177
78
175
628
86
3
86
30
85
55
320
123
196
66
9
11
220
850
97
283
27
13
77
169
99
86
54
180
86
148
116
126
73
126
303
62
42
30
174
331
333
80
106
216
88
130
173
89
115
36
130
99
706
50
152
41
102
64
110
84
68
334
70
25
14
115
226
73
81
18
25
66
18
29
29
40
39
33
44
40
60
75
53
64
70
69
86
55
243
1
12
1
77
134
155
1
248
25
275
209
63
25
30
274
43
43
1034
206
691
820
72
94
23
64
185
55
926
77
312
246
189
150
291
463
99
459
150
47
62
25
262
47
286
126
38
325
39
235
138
29
212
28
34
27
132
453
665
112
714
78
286
106
103
84
146
41
27
50
33
52
89
43
1154
105
44
47
102
77
24
116
73
253
91
105
24
89
80
114
110
65
130
179
118
49
139
157
438
320
195
36
146
78
85
248
109
67
392
1109
623
120
235
69
194
172
149
62
745
185
51
75
273
33
508
30
72
75
115
130
104
24
119
90
433
62
752
291
225
174
88
126
199
61
115
184
111
76
167
209
44
218
23
127
25
50
27
546
98
176
216
71
75
113
129
202
115
228
65
74
93
41
67
23
24
68
29
23
25
44
120
75
155
73
47
88
27
25
56
72
80
88
59
28
137
46
69
31
307
143
54
91
93
47
357
191
236
34
442
212
67
78
44
298
101
23
1273
162
113
82
70
227
1813
111
158
286
91
112
114
41
131
97
57
153
71
229
213
67
639
87
275
40
50
41
148
73
22
123
192
20
130
79
63
56
107
547
38
46
586
135
683
40
441
143
357
51
220
1693
86
52
329
56
185
28
33
72
199
166
200
199
24
121
80
67
76
48
155
59
80
29
143
97
425
68
85
151
92
246
43
109
32
86
92
150
91
638
35
911
24
480
48
154
159
490
25
418
202
71
29
113
59
136
81
141
215
40
28
69
33
34
228
113
772
2561
447
39
39
181
107
213
98
104
322
239
279
116
71
40
94
31
41
34
150
38
48
35
22
24
135
441
1357
121
47
233
519
114
98
60
20
100
45
178
239
127
32
502
62
452
232
105
282
187
128
267
27
23
53
209
130
54
49
386
147
97
353
358
138
156
342
574
36
62
77
1420
53
247
35
117
278
205
146
215
321
197
87
93
481
123
193
134
69
81
33
67
445
301
233
161
557
729
166
309
40
100
133
91
105
41
39
111
39
128
39
104
47
49
93
136
31
31
94
214
991
82
180
163
139
65
32
49
96
90
23
37
23
30
362
164
323
108
68
54
34
35
219
60
387
32
56
148
68
27
177
148
2350
408
60
47
36
267
582
628
214
29
50
90
489
448
70
550
400
159
83
105
435
128
90
67
626
324
158
670
201
568
69
148
40
84
59
186
46
355
56
554
1042
87
255
544
52
30
297
83
153
155
337
93
133
310
34
80
68
245
288
36
186
64
277
443
166
186
157
87
255
234
312
108
325
882
256
76
58
214
142
975
31
151
41
150
35
43
68
55
855
123
76
368
139
382
143
36
41
111
2020
285
48
41
131
42
68
242
181
159
478
66
200
251
277
798
236
84
51
68
49
506
81
255
119
63
45
153
67
235
136
131
30
469
83
96
294
102
181
322
62
134
68
62
36
115
114
356
425
1403
113
89
177
62
68
54
250
158
335
246
363
105
226
96
196
192
672
200
90
45
377
564
199
155
105
421
611
25
199
179
128
116
207
269
113
47
43
279
309
109
1966
140
88
543
68
82
62
233
32
136
179
826
136
12
63
41
55
59
35
61
65
86
5
70
54
137
217
139
50
34
157
46
132
56
65
45
146
77
121
81
34
86
62
82
48
52
57
58
114
104
54
93
344
83
188
52
100
240
97
85
60
70
77
142
62
162
77
53
49
50
111
72
69
47
52
58
190
53
93
51
49
97
248
84
49
104
93
44
52
48
48
53
54
78
49
54
58
53
53
53
157
103
60
94
109
67
66
372
75
111
84
57
148
69
66
66
56
62
89
234
138
64
69
192
99
69
100
57
58
57
59
151
51
67
68
61
110
67
67
128
58
104
83
73
58
75
92
61
70
62
62
57
148
70
84
70
60
148
96
103
90
77
41
73
81
76
112
114
107
74
57
105
61
55
62
168
102
76
38
7
11
160
153
78
105
68
24
27
66
227
425
142
269
41
275
805
109
23
302
523
81
175
84
148
277
289
133
76
361
177
261
474
259
152
46
210
301
73
90
98
67
61
125
68
539
102
455
72
542
173
137
361
24
120
139
166
75
91
259
252
75
69
23
274
72
113
212
116
38
143
161
134
153
269
23
365
36
39
48
229
407
124
134
130
44
182
43
70
43
87
39
55
112
122
200
298
20
7
19
27
25
18
29
7
18
279
26
17
30
31
9
8
23
9
9
20
48
27
41
27
28
9
25
30
31
20
20
35
16
18
27
63
882
251
37
607
74
44
158
275
266
1121
217
286
246
231
263
196
305
809
82
115
62
111
119
125
141
205
313
79
66
87
178
29
294
175
229
76
66
178
89
213
183
192
473
184
95
201
162
322
149
160
463
172
299
49
113
305
50
960
392
211
348
198
167
1308
545
272
252
963
312
957
220
56
179
123
277
194
1185
134
398
187
235
433
391
122
170
74
56
94
354
90
153
32
48
46
53
25
32
32
1545
63
71
96
458
512
102
251
493
95
331
202
635
151
443
950
574
55
125
400
321
62
78
70
50
226
214
181
175
126
200
65
86
235
84
111
181
66
662
151
327
134
110
569
155
98
97
723
59
471
167
40
210
723
156
1169
35
892
328
299
289
169
35
157
23
90
75
83
43
64
90
220
904
58
120
85
112
450
393
374
89
419
70
213
208
70
210
161
118
96
107
92
139
123
293
76
229
255
194
177
167
135
39
113
26
31
31
208
1182
296
125
217
178
196
70
150
168
164
32
198
138
52
55
65
33
52
47
337
138
268
45
69
483
29
526
63
92
215
91
119
387
134
123
75
40
91
65
224
32
394
173
957
95
201
177
73
236
87
132
264
71
39
86
114
156
81
206
82
35
62
118
173
70
93
103
119
143
84
120
131
165
293
52
133
107
213
117
124
279
117
210
200
192
403
36
38
240
544
377
174
183
1039
197
1028
146
106
107
188
338
62
140
171
30
125
48
103
946
355
187
244
182
190
346
631
200
179
46
162
89
102
53
136
92
60
51
105
121
48
366
112
90
347
114
379
187
173
408
71
67
360
116
172
308
510
395
204
254
106
84
84
49
94
153
202
36
51
289
94
263
43
159
166
116
197
156
83
257
48
248
244
1101
104
231
99
40
237
45
52
248
47
236
187
103
1356
28
805
27
77
97
36
46
114
39
1145
163
1808
238
403
90
232
31
388
109
123
320
253
212
49
1543
218
269
259
269
354
683
33
52
53
45
309
332
293
469
58
457
303
356
42
35
237
50
85
210
97
66
95
92
457
343
89
59
60
80
526
48
127
128
106
76
951
77
700
58
143
177
69
189
398
202
73
192
274
332
372
939
113
107
64
603
87
150
67
51
144
463
258
858
444
85
338
283
680
102
95
489
182
101
348
253
1061
118
54
314
1036
79
698
68
76
415
1338
32
145
99
933
119
92
177
26
36
179
23
217
62
76
689
53
70
325
215
49
43
35
24
45
380
324
23
32
127
817
51
788
30
78
140
853
139
42
176
169
44
55
72
304
476
210
133
58
49
51
40
245
55
418
189
54
54
52
52
92
281
37
44
24
51
49
54
453
51
119
386
353
98
277
203
603
116
60
574
30
864
64
173
102
186
366
169
148
267
81
134
793
96
108
125
152
115
139
96
191
234
557
62
288
89
42
320
126
138
557
142
34
53
106
124
295
35
702
170
524
45
135
98
368
92
68
266
55
76
71
69
684
123
120
89
145
131
58
195
136
59
94
87
90
38
243
123
55
220
71
71
64
280
54
264
488
97
40
34
130
310
109
138
345
83
196
136
23
193
1181
100
54
192
37
437
451
522
555
2344
35
261
111
167
595
452
151
448
264
416
158
91
151
194
271
690
39
109
82
532
195
358
59
88
431
434
210
53
72
238
103
244
182
174
341
787
177
57
203
47
161
59
55
48
555
127
284
259
90
310
32
74
190
86
302
41
662
579
436
88
333
784
41
463
208
314
160
456
144
92
261
96
274
268
287
202
28
103
167
396
318
101
706
278
31
95
964
166
58
30
189
185
25
98
264
79
40
42
124
86
20
93
173
179
87
26
395
65
91
316
108
466
95
126
459
26
65
82
133
193
33
149
51
37
47
36
322
34
71
74
238
142
190
421
37
176
487
988
50
94
145
48
98
144
2808
24
73
114
751
44
31
44
173
41
47
50
97
336
46
414
100
34
161
792
22
34
1044
221
62
7
635
67
145
29
38
509
710
409
55
396
54
207
197
97
337
1379
76
357
209
80
140
694
524
509
75
109
110
146
107
345
128
131
114
44
223
92
107
145
544
87
125
481
108
345
42
133
1580
220
273
125
81
549
90
761
787
84
609
353
1589
178
148
135
28
482
104
82
85
158
272
244
129
411
533
60
107
250
113
129
103
85
417
342
202
160
399
759
74
68
86
150
133
654
154
544
97
86
414
100
408
97
141
30
214
38
89
116
343
262
64
152
79
130
391
81
2289
306
139
256
379
33
98
84
501
336
83
37
66
313
281
67
250
168
166
224
162
1074
833
253
697
525
291
68
285
98
137
76
34
164
243
452
294
751
930
1005
752
104
279
110
455
353
103
149
347
30
533
426
493
46
20
218
110
79
242
175
1001
128
39
579
104
53
52
71
1251
125
50
92
70
514
172
123
1809
245
81
276
49
78
38
32
247
165
79
231
380
262
74
739
933
307
242
111
255
403
207
78
140
891
68
32
72
242
35
364
226
717
111
231
37
303
58
58
270
391
87
99
85
90
193
200
53
244
874
103
82
106
408
41
44
853
43
43
42
679
244
123
23
350
387
79
41
975
154
367
40
39
38
57
36
114
40
39
39
170
24
773
33
72
107
150
172
47
133
122
67
53
75
198
121
60
38
224
203
300
72
35
246
281
27
227
213
70
88
103
308
247
72
48
146
69
90
56
268
37
227
638
57
126
99
216
275
866
98
93
194
406
136
273
569
61
187
226
304
54
96
21
65
94
92
118
83
133
375
162
294
99
739
927
194
228
110
60
540
586
409
399
235
410
364
261
46
160
394
79
132
160
89
161
207
393
947
394
547
114
269
79
205
45
85
791
135
341
36
157
1
212
694
119
1447
271
207
249
114
327
224
653
133
527
44
143
195
42
67
39
312
241
218
362
153
276
349
112
316
36
70
239
37
72
34
48
42
149
392
68
580
651
151
454
827
804
304
856
162
214
211
224
292
208
207
148
305
49
54
154
522
811
106
354
12
215
57
290
169
252
694
177
60
34
481
105
132
195
154
305
368
960
273
46
266
246
18
55
40
523
142
144
251
48
1241
66
64
91
9
209
7
33
28
292
94
42
804
505
33
132
60
114
334
248
21
162
112
58
51
99
66
253
26
50
19
613
66
227
275
519
43
53
58
42
512
107
159
160
145
140
419
52
149
275
146
331
154
208
51
187
439
198
220
263
259
16
280
277
21
646
913
21
55
41
55
129
192
18
357
144
70
157
90
78
214
37
105
32
98
224
261
154
290
418
90
449
403
420
36
150
217
118
72
80
228
218
653
89
134
56
237
50
51
375
289
173
100
127
8
177
63
113
30
265
56
571
17
893
162
500
41
67
558
99
28
156
52
60
265
66
744
309
77
88
116
53
341
424
288
241
43
45
1095
203
56
183
74
131
5
13
232
173
178
97
237
83
49
69
94
73
126
86
154
103
364
103
260
199
52
246
103
66
123
460
56
621
98
132
8
50
23
48
55
99
72
237
182
52
51
125
43
100
61
152
31
79
76
27
72
52
75
36
15
109
108
154
211
55
137
37
92
103
120
34
12
48
142
293
22
103
26
68
123
121
215
257
34
99
42
79
176
20
82
53
139
37
175
232
67
133
29
32
433
42
60
374
92
94
147
422
114
1337
448
321
222
814
176
112
113
292
259
405
286
529
461
193
90
72
71
109
268
37
61
111
67
78
85
64
67
62
111
125
96
214
88
92
119
161
364
122
63
67
77
75
80
124
130
144
125
219
98
182
373
332
89
100
1318
83
367
263
203
121
60
90
183
150
228
142
101
38
169
44
61
170
51
129
116
67
50
87
130
229
54
120
97
19
14
71
13
112
272
263
87
527
48
37
68
377
276
201
104
162
246
118
119
41
99
96
295
58
224
483
9
154
299
236
393
909
760
246
251
185
226
228
220
874
49
81
207
709
69
835
48
229
724
283
63
309
110
573
168
135
419
110
33
123
44
91
32
52
100
259
129
102
197
114
386
301
376
562
203
78
131
386
507
92
128
50
43
45
135
72
35
165
178
230
233
364
134
152
440
451
145
45
98
1482
367
283
233
234
197
575
20
45
171
119
79
144
63
92
205
122
364
62
172
186
211
46
261
126
29
24
46
26
74
13
10
40
621
298
183
231
74
67
225
50
156
131
73
62
106
128
44
27
13
412
75
58
29
408
59
202
206
96
87
446
110
527
38
91
84
107
803
126
70
72
97
62
105
77
95
104
188
92
102
135
97
212
379
58
82
100
46
328
78
105
95
97
61
79
14
109
110
29
149
305
134
85
62
68
168
102
16
99
444
233
53
229
379
55
90
103
312
61
79
144
575
250
96
89
192
250
131
86
72
64
29
135
146
25
50
93
58
59
39
75
44
50
13
49
246
92
234
111
110
522
381
61
143
35
75
107
149
90
130
161
211
134
34
316
149
24
33
15
22
53
60
15
51
21
80
59
230
29
96
32
16
30
10
20
203
59
73
19
41
128
38
44
47
185
28
18
19
23
9
32
27
49
10
69
190
90
26
112
13
11
14
30
32
43
40
59
59
68
133
98
48
8
35
55
135
80
129
40
44
140
38
20
43
68
174
41
17
58
28
50
29
264
178
207
131
145
58
95
57
346
90
212
81
110
63
69
101
82
172
167
155
47
59
27
279
78
65
35
59
18
480
210
229
126
108
77
34
35
26
27
17
29
32
12
42
65
32
28
120
19
53
72
20
147
354
229
93
93
168
244
9
283
68
570
362
169
183
67
79
34
126
180
289
117
24
674
40
76
143
106
210
150
263
91
38
83
15
28
18
118
79
240
142
35
76
29
29
39
26
79
39
88
44
444
39
42
175
63
79
232
67
239
61
49
42
14
9
84
33
92
31
14
46
13
121
31
255
25
101
187
358
58
16
30
319
41
117
56
24
702
63
45
78
152
14
51
22
61
58
21
27
45
35
80
33
73
30
56
799
77
112
262
93
32
67
113
23
40
933
23
133
74
64
45
75
116
39
24
15
23
131
547
97
385
68
18
147
479
576
10
56
172
35
890
12
68
14
90
25
15
62
48
124
43
97
30
42
122
57
74
372
95
140
817
238
115
80
37
285
34
527
334
334
615
1050
74
245
101
74
70
321
980
60
375
173
132
19
227
54
110
82
714
62
159
37
75
478
65
70
524
50
98
152
210
28
65
91
34
619
68
65
79
24
70
183
213
39
36
61
14
73
85
177
20
29
170
99
15
30
32
145
29
81
79
192
53
28
47
44
16
38
5
69
29
104
56
180
152
192
98
28
184
479
95
76
104
406
153
194
106
162
55
176
88
91
244
367
139
63
150
41
169
62
103
101
49
121
19
28
46
73
28
34
325
27
0
1
39
189
617
161
87
338
105
481
126
94
85
62
81
165
25
42
311
194
86
275
36
156
677
111
130
87
128
112
2170
78
32
50
756
21
46
70
67
254
67
149
29
40
472
650
380
971
72
289
142
139
173
87
27
32
76
132
45
120
225
70
205
171
26
47
135
319
184
408
396
30
199
26
213
31
171
40
142
236
65
78
187
413
40
242
241
455
81
134
225
152
38
70
187
118
155
75
312
251
1100
241
352
57
166
60
97
228
14
25
24
23
21
31
40
29
64
31
191
193
162
18
197
95
31
25
24
23
21
31
41
28
45
81
23
201
159
35
66
130
111
452
54
53
27
23
152
233
44
61
27
141
12
14
20
15
21
21
14
205
28
32
69
85
1026
45
89
50
245
517
221
42
43
89
135
99
283
857
104
77
42
46
42
43
29
55
20
137
97
102
221
254
641
168
90
194
505
94
94
470
560
267
226
345
176
55
103
129
139
54
97
9
141
37
105
58
60
231
321
866
117
37
39
19
14
183
27
495
129
163
177
105
198
140
98
157
63
183
86
59
132
77
79
109
107
443
120
127
151
117
162
151
92
199
97
113
36
108
19
19
562
42
146
19
10
10
58
58
26
10
130
133
140
10
37
10
45
84
46
29
30
31
34
7
91
56
50
20
13
51
59
8
130
149
139
10
135
92
142
101
17
101
10
53
115
127
111
88
134
91
141
98
17
97
10
10
145
183
223
10
10
10
15
20
8
26
10
62
22
34
23
7
2
47
3
41
73
196
59
26
25
30
94
55
10
49
10
10
10
60
53
48
62
10
10
24
120
22
22
38
48
41
22
10
130
170
114
452
369
527
296
55
157
68
35
320
300
128
91
45
109
219
118
29
30
293
317
129
24
630
731
779
392
158
1201
543
101
149
117
91
86
218
72
79
187
69
348
479
46
31
125
121
151
28
35
382
187
217
931
226
114
42
269
89
237
208
64
36
226
78
1872
115
376
20
14
65
318
1937
151
1309
1308
179
101
83
124
33
241
56
1991
242
1159
22
64
64
343
443
93
55
185
137
344
255
1321
678
7
15
36
92
37
48
19
19
24
23
674
81
76
32
269
205
44
125
63
44
32
51
450
296
68
106
251
126
146
140
335
111
1179
379
436
616
126
446
163
200
193
226
197
280
246
156
216
235
79
65
187
191
550
455
174
48
149
77
122
65
100
42
237
28
130
206
194
269
127
51
33
41
47
50
151
54
171
61
58
97
344
314
37
140
149
51
142
101
193
167
64
65
186
258
249
54
44
100
84
275
59
116
59
59
93
61
601
267
360
456
85
63
50
49
53
245
72
72
95
233
352
268
257
151
173
85
48
191
203
118
183
223
148
305
225
186
88
60
56
161
348
201
34
125
136
282
235
33
28
137
10
105
48
28
44
49
34
38
16
15
21
48
19
15
15
26
22
31
27
16
20
19
20
18
47
30
15
29
34
352
54
40
197
36
42
531
108
862
25
50
117
99
268
139
22
22
46
32
37
48
37
77
31
234
96
77
153
184
52
322
31
98
143
10
39
239
77
139
67
274
106
123
40
31
122
88
55
445
593
546
248
130
72
175
149
1
26
48
589
27
240
120
142
39
16
742
95
110
87
61
61
92
60
81
76
33
293
34
19
1
1
43
83
31
27
58
52
60
30
105
9
13
102
16
100
4
20
174
126
13
161
113
25
33
11
17
109
112
66
73
126
60
59
33
44
83
81
76
153
129
54
93
105
9
13
58
33
206
191
31
10
21
22
40
203
170
77
139
177
188
75
28
59
241
75
50
204
111
129
71
134
101
102
241
306
182
96
16
39
84
68
62
48
72
180
149
266
70
345
736
28
89
33
104
19
64
75
28
15
53
35
17
51
8
62
13
56
16
32
37
24
169
107
80
32
33
27
225
24
60
287
18
103
36
75
53
53
21
31
17
8
5
236
42
33
38
55
27
22
32
14
148
68
45
443
33
443
28
41
11
29
22
27
13
30
13
171
35
24
295
57
41
26
152
87
19
64
31
31
43
409
118
18
39
54
298
96
52
100
14
95
34
235
40
40
152
19
229
26
134
22
106
114
30
257
273
99
48
140
20
380
208
192
68
242
20
69
26
27
28
33
40
25
26
30
33
33
25
29
57
1336
93
33
119
14
36
64
32
32
28
49
75
22
60
41
32
22
33
16
96
19
353
109
144
274
235
16
109
42
9
56
8
217
7
68
7
96
107
76
12
21
12
20
80
34
35
40
52
66
69
79
108
68
67
71
51
50
52
37
87
74
84
86
78
149
62
71
83
57
125
50
277
148
199
44
65
55
22
11
11
11
11
22
67
62
138
52
41
63
35
40
40
111
58
154
84
29
119
53
91
69
43
106
30
32
51
55
139
32
129
218
127
15
26
14
10
27
35
18
60
39
28
48
29
24
40
40
26
29
31
20
18
22
27
47
27
21
178
81
60
72
19
42
35
28
39
33
45
26
37
33
42
40
48
43
36
38
45
28
25
38
71
36
18
94
144
23
53
51
67
51
30
16
66
25
52
90
46
50
67
27
70
27
43
29
28
26
65
37
51
26
23
30
73
27
33
24
90
180
20
39
473
51
34
30
25
23
23
21
44
20
61
78
32
60
35
49
23
24
114
79
17
41
29
85
126
111
65
27
31
35
89
41
153
35
34
39
36
34
35
46
128
22
85
40
8
19
18
22
19
60
21
51
24
38
25
25
24
21
35
15
26
23
28
19
15
15
15
17
19
19
26
20
17
28
20
45
48
26
54
76
27
43
73
26
82
41
74
26
74
38
82
15
20
85
61
49
46
83
60
140
54
28
104
75
52
44
48
137
17
61
79
29
112
117
24
44
395
121
180
71
86
139
63
39
20
247
27
31
37
33
95
14
284
204
147
40
59
152
71
21
127
122
209
14
51
84
52
67
30
489
158
34
355
24
49
27
92
26
79
93
63
26
23
72
12
119
24
11
15
28
67
12
18
10
15
21
59
10
6
48
80
25
42
251
68
161
57
45
885
35
109
23
750
37
11
202
107
14
32
67
18
33
21
300
30
40
40
163
42
41
42
177
207
17
68
39
22
24
148
136
51
174
1648
81
142
105
571
261
211
27
997
13
38
21
58
108
65
27
109
59
53
214
218
107
224
76
35
27
196
17
33
126
53
39
146
132
1046
53
76
247
297
36
9
741
29
23
39
34
37
29
73
96
85
51
70
104
38
54
38
60
38
182
37
445
9
8
15
10
17
17
10
11
11
12
29
18
18
10
28
19
18
18
19
18
109
15
11
541
10
17
12
11
10
31
11
11
17
79
21
56
21
46
19
212
97
17
54
85
65
31
100
81
64
65
39
86
71
58
131
92
54
121
61
86
38
27
43
10
12
90
63
34
30
23
95
78
69
18
11
36
382
54
20
37
34
43
98
70
17
331
75
54
48
63
59
42
66
60
38
50
57
54
104
39
39
57
39
36
65
32
51
53
32
145
72
131
334
100
55
89
46
344
13
15
45
15
16
16
16
22
22
10
14
16
10
13
27
14
15
20
52
15
15
13
12
15
16
14
42
49
67
9
181
239
176
346
115
27
200
32
339
355
34
51
68
55
175
95
669
56
38
123
55
30
28
35
178
64
38
37
118
13
19
100
23
112
518
42
843
182
19
167
256
1192
218
49
183
99
37
129
291
22
95
304
30
43
643
264
235
12
26
50
46
46
33
40
46
91
33
29
14
59
59
101
42
60
55
52
42
50
110
55
73
74
41
66
308
41
125
77
44
42
33
86
38
165
14
45
59
47
54
55
51
31
31
67
48
15
52
28
38
20
36
71
103
108
130
198
73
33
64
36
89
107
32
50
115
30
90
70
57
63
54
68
68
66
60
82
131
84
40
30
75
65
26
71
51
39
74
44
94
35
98
60
66
36
52
46
45
108
39
53
43
43
38
105
116
169
77
70
48
45
49
36
38
59
33
49
47
57
48
49
32
49
38
43
15
41
48
37
31
312
24
60
260
175
128
30
15
12
14
16
11
14
13
13
471
28
14
14
13
19
21
21
16
14
14
48
69
28
13
89
18
53
72
23
6
21
142
347
37
14
22
16
15
19
16
30
14
17
14
14
17
14
42
14
15
18
65
14
14
13
15
439
354
30
43
75
75
13
115
13
13
190
27
12
28
12
6
33
22
20
13
576
13
13
35
26
25
36
14
25
22
59
41
49
26
94
29
15
17
10
24
29
87
22
29
15
28
18
15
12
22
13
17
135
13
28
14
14
14
14
14
21
19
17
16
14
21
228
20
497
107
75
81
26
40
166
41
39
9
10
14
34
248
44
30
30
39
21
109
29
10
15
716
14
115
11
19
36
71
14
87
17
71
18
65
15
38
45
22
20
15
95
25
28
20
15
25
75
96
10
70
23
123
52
17
65
14
32
90
15
116
21
201
61
458
19
148
46
13
25
70
550
21
18
33
19
45
136
240
76
17
35
139
34
15
31
58
30
27
19
99
19
28
31
113
17
17
29
168
227
55
31
45
257
250
41
99
232
71
32
40
48
91
56
54
274
37
34
17
17
81
17
440
50
45
97
17
22
39
15
175
26
123
16
114
16
16
62
15
40
32
20
41
28
65
16
16
16
335
57
34
145
26
77
60
20
33
32
45
33
180
41
37
35
485
39
101
183
75
30
16
65
36
39
127
19
53
17
17
17
17
17
26
40
47
17
26
12
536
1236
383
164
54
116
171
41
90
118
196
80
23
65
156
43
124
70
101
80
110
71
64
54
72
145
83
43
327
189
113
64
18
60
501
190
48
346
17
86
46
585
42
20
21
294
268
101
435
176
162
1060
620
16
524
18
21
141
33
64
333
178
21
42
38
84
88
80
41
28
72
76
64
28
319
62
98
71
91
110
16
126
175
53
2059
92
321
51
71
35
22
19
35
49
37
20
20
91
35
45
45
37
36
18
49
13
18
50
21
37
35
37
52
28
40
37
161
64
18
19
20
20
73
38
86
21
20
68
21
20
64
31
38
35
76
21
48
42
19
43
19
34
30
44
108
17
55
28
52
29
23
46
17
28
119
27
19
37
38
20
137
59
93
28
122
131
112
41
17
19
21
38
25
26
28
22
22
23
27
34
39
38
26
19
19
16
21
16
13
15
20
31
16
19
16
21
16
10
17
16
15
15
37
16
16
16
18
16
43
24
30
16
29
27
28
122
342
45
101
426
91
483
1842
109
376
92
50
26
257
591
120
411
498
741
461
335
254
147
251
170
34
46
121
18
47
19
141
359
10
288
13
65
71
21
29
75
62
515
144
35
123
470
285
51
116
80
71
209
462
54
103
89
159
26
43
18
330
43
507
30
158
31
15
29
18
314
237
46
105
189
117
57
203
301
76
391
443
61
58
97
361
105
360
175
38
130
38
165
159
307
36
109
42
55
51
174
67
29
152
154
25
20
57
112
195
29
175
126
46
109
24
20
63
31
63
55
138
17
48
71
98
74
98
18
1136
111
67
181
44
195
339
29
41
190
269
95
74
106
89
634
348
198
232
10
143
35
544
300
7
565
261
44
28
48
101
306
39
323
20
16
17
15
16
16
16
16
15
16
33
21
24
34
18
114
18
17
18
18
18
58
30
70
157
24
63
88
80
23
35
25
19
56
22
22
27
75
17
21
18
24
20
17
30
29
22
23
91
81
24
25
102
43
107
129
31
10
19
27
93
56
33
43
42
52
44
43
52
52
66
49
45
48
41
42
46
10
13
13
13
13
13
44
13
142
9
13
212
21
65
104
61
259
21
79
15
26
45
34
116
48
73
13
51
60
99
13
91
145
32
112
17
176
16
63
67
144
70
49
21
248
63
12
37
25
32
35
41
36
105
185
105
64
94
33
19
121
60
23
21
135
20
29
46
32
6
30
61
81
200
39
24
73
94
411
157
39
38
25
66
202
22
28
130
15
23
45
132
114
15
7
131
6
48
351
10
49
77
109
637
27
18
664
28
86
19
38
71
138
28
42
19
35
11
504
76
158
176
22
51
14
31
20
238
68
68
99
30
69
188
51
264
72
32
46
48
144
99
133
29
117
26
217
92
11
213
95
33
32
159
20
426
67
195
13
30
134
533
182
182
72
25
23
78
93
15
12
60
92
48
153
20
82
17
124
16
75
18
13
33
180
21
46
21
22
149
18
16
19
81
119
83
103
23
56
124
200
15
108
25
41
18
19
18
146
23
52
62
32
25
86
24
51
114
42
61
33
154
23
45
18
20
32
44
49
406
10
18
8
8
12
19
48
61
104
16
18
8
22
24
19
12
120
43
70
57
235
216
76
141
100
24
50
180
20
18
7
27
41
158
38
170
124
25
22
124
19
11
63
28
25
155
48
19
14
13
31
31
57
54
19
81
41
23
66
165
24
29
10
33
11
16
17
8
76
34
147
187
135
423
26
27
20
16
14
18
14
24
18
23
17
19
14
59
13
15
22
25
13
92
74
12
276
95
506
73
513
654
53
56
64
42
79
66
46
29
85
51
353
49
94
74
200
46
28
29
154
205
74
89
12
389
196
105
186
66
88
45
103
154
77
158
121
92
92
69
28
27
93
229
218
120
131
189
267
99
144
241
119
120
64
147
162
92
260
114
247
211
39
52
42
69
166
26
67
90
120
73
69
177
47
122
54
68
93
29
41
100
55
99
52
72
87
76
89
28
94
54
62
95
58
20
74
79
247
87
64
62
64
62
41
220
350
229
165
133
53
62
105
84
141
130
34
45
272
34
334
54
143
42
34
70
112
92
134
149
88
344
147
334
440
849
101
251
197
290
175
305
174
99
186
248
281
22
463
380
192
59
243
48
25
35
35
25
26
31
35
32
62
116
134
105
121
113
22
612
115
22
75
79
39
91
16
10
8
10
56
12
14
90
174
217
29
35
196
103
24
10
12
14
16
42
58
22
16
14
57
142
1100
321
77
76
105
272
235
53
129
242
566
198
177
61
64
66
238
1568
136
316
158
8
16
16
69
251
2190
54
141
111
27
29
18
51
41
25
54
300
114
1037
87
18
28
16
12
40
12
10
19
85
19
30
85
144
102
163
97
96
52
127
194
155
107
64
50
12
72
29
102
70
127
70
26
39
172
26
8
10
8
38
13
13
19
61
91
66
16
41
42
51
19
30
24
16
16
26
15
31
55
25
29
28
21
14
20
19
21
16
24
27
18
25
24
19
18
21
16
16
17
26
20
17
28
30
18
18
18
25
18
23
33
23
19
15
23
30
36
14
16
21
35
23
23
22
21
24
194
11
16
18
21
24
23
16
70
88
377
41
186
124
80
48
41
30
58
23
32
46
10
38
10
55
58
64
102
748
16
70
14
36
10
36
48
28
18
13
26
30
10
100
30
76
18
24
44
21
29
17
16
38
10
20
11
15
15
14
15
101
66
8
8
14
14
12
25
15
68
54
217
41
80
80
47
22
29
126
20
32
16
130
136
44
101
25
27
27
26
43
164
37
153
125
131
135
47
20
20
24
20
33
73
30
102
205
285
96
15
15
13
29
84
102
22
16
26
18
10
124
57
61
17
139
71
26
12
68
299
359
11
53
134
3
224
53
61
75
57
49
50
68
202
43
59
68
28
39
28
28
39
42
32
19
10
10
15
12
11
20
12
16
11
22
19
10
10
11
10
10
11
10
11
11
12
12
10
40
20
10
10
11
10
10
11
11
12
11
12
12
10
20
10
10
11
10
10
11
10
11
11
12
12
10
20
10
11
11
10
10
11
10
11
11
12
11
10
19
17
25
86
68
22
105
27
28
28
27
24
22
22
22
22
22
22
13
10
40
22
86
69
67
76
58
55
85
59
67
230
27
22
11
10
11
11
11
11
11
11
10
10
10
10
23
11
10
11
10
11
11
10
10
9
10
10
10
29
11
10
12
11
11
10
10
9
10
10
10
11
31
69
74
37
88
80
54
94
156
13
35
19
55
11
11
11
21
11
11
11
20
79
134
102
12
30
76
122
53
20
34
68
36
93
175
251
28
75
151
61
93
103
186
95
38
49
28
34
16
33
33
10
12
13
25
11
14
13
32
8
66
18
58
5
9
9
6
2
5
18
22
5
2
10
21
5
15
2
4
9
9
7
7
8
8
2
2
7
7
4
4
4
4
3
3
3
3
7
7
9
9
9
9
4
4
26
28
28
26
4
4
15
15
14
14
11
11
11
11
11
11
11
11
7
7
6
6
10
10
25
25
9
9
9
9
4
4
8
8
9
9
11
11
11
11
6
6
9
9
9
9
7
7
9
9
9
9
10
10
16
16
8
8
9
9
8
8
8
8
13
13
6
6
14
9
9
9
8
8
4
2
4
7
5
5
4
8
2
5
5
5
9
6
8
13
4
10
15
7
6
4
10
6
4
4
4
4
4
4
4
8
19
11
14
21
8
9
8
6
11
12
10
12
8
7
9
9
36
43
46
42
39
31
31
37
37
42
17
32
33
51
21
25
41
36
39
46
46
42
42
19
31
22
30
33
30
39
28
24
34
27
23
34
35
21
27
21
25
26
23
28
30
26
29
37
42
23
29
38
33
22
26
21
12
29
21
26
28
17
24
38
28
20
32
18
26
25
21
14
6
10
2
8
2
16
3
6
14
4
3
2
4
2
2
2
7
8
5
6
5
27
28
9
12
7
30
9
15
16
23
12
10
25
27
25
17
25
25
5
5
5
3
3
3
3
3
3
3
7
11
9
19
7
9
19
15
7
2
8
9
6
37
40
8
9
42
38
18
38
20
11
5
5
5
4
39
18
17
20
22
7
21
6
7
21
7
8
22
7
17
8
7
8
37
37
37
37
7
7
7
20
7
20
8
37
7
36
7
12
7
5
4
4
9
36
3
4
1
6
1
7
3
4
0
2
0
2
2
0
4
2
4
0
2
0
2
2
0
2
2
2
5
0
2
0
4
2
2
11
2
0
2
10
2
2
0
2
2
0
7
2
2
0
7
2
4
9
0
2
8
0
4
2
2
8
0
2
6
2
0
0
2
6
2
6
0
2
2
4
0
4
0
2
4
4
2
0
2
4
0
2
0
6
0
2
4
0
2
2
3
0
2
13
11
6
9
11
8
7
12
11
8
9
11
8
8
2
29
25
25
25
29
17
31
29
102
33
45
23
49
65
29
34
35
39
27
39
41
11
33
11
12
23
11
8
9
40
17
21
21
15
30
11
10
9
15
46
42
22
24
38
29
29
6
10
6
6
8
9
5
9
3
5
2
5
3
3
3
5
16
14
5
3
1
3
2
3
3
3
3
3
1
3
5
3
5
5
4
9
6
3
2
4
6
3
2
10
8
8
5
5
10
9
10
7
12
4
3
1
3
5
3
6
6
3
3
6
6
1
3
6
3
21
21
17
27
27
25
27
13
13
17
15
13
5
12
12
22
22
24
24
24
24
24
24
24
24
24
24
22
22
17
17
23
23
17
17
20
20
20
20
8
13
8
13
28
28
27
27
13
13
29
29
29
7
7
7
6
5
7
6
3
1
4
3
4
12
32
3
5
10
3
9
9
8
17
17
9
2
0
14
14
14
14
9
7
11
8
0
0
2
2
2
2
30
43
43
8
19
20
16
17
12
21
24
10
29
29
21
1
3
9
4
7
15
2
6
2
3
6
9
4
11
3
15
12
14
7
4
13
2
0
11
2
4
2
9
8
9
4
12
16
11
10
11
5
5
2
6
2
5
14
2
7
8
18
22
14
16
16
21
15
19
16
25
21
5
4
3
11
14
3
8
7
2
3
2
7
3
3
9
16
13
0
3
2
6
15
26
15
24
2
3
0
2
6
12
8
13
9
6
12
16
5
7
1
0
3
10
3
6
7
11
5
17
9
12
6
17
31
10
40
26
6
15
0
6
5
6
14
14
14
7
10
5
18
13
17
1
3
5
5
3
9
4
5
4
4
26
10
9
7
20
8
5
4
2
3
1
1
1
1
17
3
16
15
1
7
6
8
10
21
36
31
42
29
14
6
18
8
4
4
3
3
2
21
12
10
17
17
4
11
11
2
5
15
10
8
2
2
2
18
5
14
7
11
37
2
14
23
6
9
9
8
20
9
11
14
11
17
5
4
53
9
7
21
3
9
9
5
27
4
11
15
21
18
19
5
27
4
4
30
9
17
20
18
29
14
4
1
33
13
16
2
2
0
5
5
5
5
6
5
15
15
9
5
5
6
6
5
4
2
2
2
6
4
4
6
6
4
4
6
4
5
4
8
3
4
4
4
4
4
4
3
3
3
6
3
13
13
13
4
5
5
6
7
5
6
5
3
4
4
5
5
5
7
5
5
5
5
5
5
5
5
7
7
4
3
5
6
3
14
13
7
14
5
3
7
8
8
8
3
7
3
8
1
9
9
7
7
6
6
6
11
8
8
6
11
6
12
9
6
7
13
9
8
2
2
2
3
3
4
2
2
2
2
4
4
4
4
2
2
2
2
2
2
2
2
2
2
4
4
4
4
25
2
2
2
2
2
2
2
4
2
2
2
2
2
2
2
2
2
2
2
2
2
2
2
2
8
7
9
9
5
7
5
3
5
4
12
12
8
8
14
8
8
13
14
12
5
4
4
4
5
5
2
4
5
2
4
4
4
5
2
2
2
2
2
2
2
2
2
2
2
2
4
4
4
4
8
8
5
5
4
6
2
4
2
2
2
2
2
2
2
2
2
2
2
2
2
2
2
5
5
3
3
2
3
2
2
2
2
2
15
15
4
4
7
9
7
6
5
5
2
2
2
3
5
5
2
10
7
7
7
7
7
7
24
10
14
16
11
11
3
8
8
8
8
8
8
8
8
3
8
7
7
7
7
7
4
4
7
10
4
7
1
4
4
5
5
5
5
6
6
5
6
5
5
5
8
5
4
7
16
4
17
3
7
7
7
14
8
8
8
8
7
8
4
6
8
2
4
4
12
5
16
8
9
10
8
8
8
8
8
8
9
9
19
9
9
9
5
8
6
7
8
7
5
8
7
10
3
12
12
9
12
9
11
10
13
12
8
8
10
10
8
6
6
7
3
7
7
4
4
4
4
6
34
7
7
7
6
6
10
9
4
4
4
4
4
4
4
9
9
9
9
9
17
17
17
39
39
39
15
15
8
15
15
15
9
9
9
26
26
26
7
7
5
5
5
4
7
7
7
9
9
9
6
6
6
7
7
7
6
6
7
6
6
6
6
12
10
13
10
14
14
14
16
16
15
22
21
10
6
21
15
4
4
2
4
3
5
4
14
5
7
5
6
5
13
6
5
5
5
5
5
9
9
10
12
10
9
9
10
9
14
12
13
13
14
13
10
15
9
8
13
9
9
10
12
13
11
11
13
7
7
7
7
7
7
6
5
15
5
10
11
6
8
4
9
7
4
4
6
1
2
4
1
5
1
1
2
2
2
2
2
2
2
0
2
2
2
1
4
4
9
16
20
16
4
5
16
7
8
5
5
10
19
7
5
3
5
3
8
4
9
8
7
5
7
5
7
6
7
7
7
22
7
5
5
5
6
6
6
6
4
5
5
5
7
1
17
12
13
7
8
3
2
4
4
4
4
4
4
4
4
5
20
21
23
5
5
4
4
6
6
8
12
5
3
3
6
3
3
3
7
6
3
3
1
1
0
0
0
12
17
2
2
9
10
2
4
8
8
1
1
1
1
1
1
1
2
6
1
1
1
1
2
6
4
2
1
1
1
4
4
2
16
18
8
4
4
7
10
3
16
9
4
4
4
4
4
4
4
6
4
16
16
6
8
9
3
2
2
2
5
7
7
7
9
10
3
3
3
4
4
4
5
5
4
2
2
4
1
1
4
1
8
2
6
3
4
2
1
4
3
3
5
5
5
9
3
3
5
5
2
3
6
9
2
13
2
2
3
2
7
10
4
1
1
7
1
7
1
5
8
2
6
6
6
7
7
3
3
7
3
9
7
3
11
11
11
3
7
1
1
1
5
16
22
2
17
17
11
7
11
2
4
1
16
8
13
39
8
6
1
4
1
5
3
6
2
5
2
2
10
20
8
3
5
37
8
8
7
6
8
8
8
7
7
7
7
9
6
4
6
8
8
7
12
1
1
1
10
10
10
10
12
12
3
2
1
7
10
12
9
5
12
8
4
5
7
6
5
4
5
4
2
13
8
16
12
1
9
9
8
3
3
5
9
3
18
13
12
9
11
20
3
5
10
12
10
10
10
17
7
14
30
6
9
10
7
1
9
12
5
5
7
5
5
8
6
9
9
36
8
13
5
10
10
3
7
8
10
13
1
14
6
1
7
14
5
10
1
5
11
2
12
11
7
2
2
9
6
3
6
6
9
6
7
1
9
24
1
17
9
9
15
15
15
4
8
3
9
7
7
16
8
17
14
9
16
3
4
4
5
5
2
21
8
2
3
8
42
5
2
11
15
10
10
4
11
5
15
25
2
8
4
12
10
2
10
13
20
7
5
2
2
18
3
16
4
1
13
18
15
25
6
6
21
16
8
23
11
11
11
6
12
7
13
17
4
3
9
8
9
14
24
20
12
26
20
4
17
6
6
5
8
12
12
15
16
11
15
45
18
13
2
10
3
13
11
11
2
30
30
7
15
9
1
11
7
10
7
54
5
2
17
8
8
5
4
20
6
11
8
26
46
11
17
17
8
1
8
8
4
1
26
3
4
15
5
15
11
24
5
16
15
7
15
12
14
16
11
14
8
12
10
6
18
7
8
10
10
9
18
2
5
20
7
11
10
1
10
10
27
10
29
4
31
13
10
14
3
6
9
5
10
10
16
29
15
26
22
10
12
7
9
7
11
20
12
28
8
13
16
39
26
10
16
14
17
13
4
20
34
29
21
10
4
20
5
16
68
6
10
19
37
8
11
17
18
18
25
32
8
7
9
11
12
14
7
10
10
16
20
15
5
7
28
14
14
12
5
4
18
20
11
7
7
10
12
34
24
8
9
18
13
22
4
9
13
12
11
4
19
16
29
11
15
28
3
11
4
20
17
18
11
11
7
5
19
81
17
26
17
23
24
10
15
18
17
14
11
56
3
4
6
10
4
1
3
1
2
5
5
5
5
4
6
5
9
5
7
2
5
5
5
5
9
5
5
5
5
5
7
6
3
6
6
5
2
5
1
1
3
4
10
3
4
7
1
5
5
2
3
3
3
7
7
18
8
7
6
14
3
2
12
15
10
3
20
11
13
1
1
1
1
2
1
1
1
1
1
1
2
8
2
2
11
1
1
8
3
5
4
5
5
1
1
5
7
3
2
3
3
8
4
9
3
9
3
2
12
4
3
2
2
2
2
5
5
6
2
5
3
14
6
1
2
1
1
16
5
5
7
10
10
10
10
14
14
14
22
15
3
1
2
6
2
2
3
2
1
2
3
2
2
1
1
3
7
1
2
4
1
4
4
7
13
1
7
12
2
2
3
1
5
23
11
7
6
10
10
10
10
10
10
19
19
18
18
14
13
25
2
10
5
4
7
9
7
4
16
9
6
3
1
8
5
4
27
8
12
11
11
8
17
8
7
27
32
31
10
6
2
12
2
2
6
11
2
1
5
3
24
7
5
2
3
5
5
1
1
1
1
1
1
19
4
3
3
3
2
2
2
6
5
5
2
3
2
4
1
1
1
1
1
1
1
1
1
1
1
